Input source 1: random number

alpha   Linear  Double
-----------------------------
0.5  1.503  1.380
0.6  1.753  1.524
0.7  2.169  1.718
0.8  2.976  2.010
0.9  5.582  2.559
0.95  10.689  3.133
0.98  24.819  3.988
0.99  43.179  4.662

Input source 2: current time

alpha   Linear  Double
-----------------------------
0.5  1.000  1.000
0.6  1.000  1.000
0.7  1.000  1.000
0.8  1.000  1.000
0.9  1.000  1.000
0.95  1.000  1.000
0.98  1.000  1.000
0.99  1.000  1.000

Input source 3: word-list

alpha   Linear  Double
-----------------------------
0.5  1.591  1.398
0.6  2.075  1.541
0.7  3.756  1.725
0.8  7.431  2.018
0.9  22.365  2.566
0.95  155.207  3.154
0.98  375.386  3.958
0.99  523.935  4.611

